1027.216700
1000.000000
908.514000
825.402000
749.893000
681.291000
618.966000
562.342000
510.898000
464.160000
421.698000
383.117000
348.069000
316.227000
287.298000
261.016000
237.137000
215.444000
195.735000
177.829000
161.561000
146.779000
133.352000
121.152000
110.069000
100.000000
90.851800
82.540600
74.989600
68.129500
61.896300
56.233900
51.089600
46.415800
42.169600
38.311900
34.807100
31.622900
28.729900
26.101700
23.713600
21.544300
19.573400
17.782800
16.156000
14.678000
13.335200
12.115300
11.007000
10.000000
9.085140
8.254020
6.812910
5.108980
4.641600
3.162270
2.610160
2.154430
1.615600
1.333520
1.000000
0.681292
0.383118
0.215443
0.100000
